,Open,High,Low,Close,Volume
2020-07-30 09:15:00,14964.8,14964.8,14925.0,14925.0,0.0
2020-07-30 09:16:00,14965.0,14965.0,14931.0,14961.05,35.0
2020-07-30 09:17:00,14960.0,14960.0,14940.0,14940.0,11.0
2020-07-30 09:18:00,14940.0,14957.75,14924.95,14924.95,48.0
2020-07-30 09:19:00,14925.0,14929.0,14924.95,14928.95,40.0
2020-07-30 09:20:00,14914.15,14924.8,14900.0,14924.8,53.0
2020-07-30 09:21:00,14923.3,14925.75,14903.4,14925.75,6.0
2020-07-30 09:23:00,14906.05,14906.05,14906.05,14906.05,7.0
2020-07-30 09:24:00,14925.4,14927.2,14910.9,14927.15,5.0
2020-07-30 09:25:00,14911.45,14928.6,14911.0,14928.6,8.0
2020-07-30 09:26:00,14928.55,14929.0,14911.4,14912.45,22.0
2020-07-30 09:27:00,14912.55,14929.0,14906.95,14906.95,108.0
2020-07-30 09:28:00,14910.0,14925.7,14910.0,14915.0,26.0
2020-07-30 09:29:00,14910.0,14910.0,14910.0,14910.0,3.0
2020-07-30 09:30:00,14924.95,14924.95,14924.95,14924.95,1.0
2020-07-30 09:31:00,14912.0,14912.05,14910.0,14910.0,10.0
2020-07-30 09:33:00,14910.0,14910.0,14906.0,14906.0,9.0
2020-07-30 09:34:00,14918.0,14920.0,14867.95,14867.95,64.0
2020-07-30 09:35:00,14964.8,14964.8,14888.1,14892.1,138.0
2020-07-30 09:36:00,14902.65,14902.8,14902.65,14902.8,0.0
2020-07-30 09:37:00,14903.0,14920.25,14860.75,14902.5,31.0
2020-07-30 09:38:00,14877.1,14929.05,14877.1,14877.55,23.0
2020-07-30 09:39:00,14880.35,14910.65,14862.0,14862.0,20.0
2020-07-30 09:40:00,14882.25,14882.25,14862.05,14878.85,4.0
2020-07-30 09:41:00,14862.05,14881.9,14862.05,14862.25,10.0
2020-07-30 09:42:00,14881.05,14881.15,14863.1,14863.1,6.0
2020-07-30 09:43:00,14864.1,14879.8,14863.15,14879.3,20.0
2020-07-30 09:44:00,14879.3,14879.95,14865.6,14878.0,20.0
2020-07-30 09:45:00,14880.0,14906.65,14871.2,14871.2,26.0
2020-07-30 09:46:00,14865.05,14870.0,14865.05,14870.0,5.0
2020-07-30 09:47:00,14889.1,14889.1,14866.0,14880.0,9.0
2020-07-30 09:48:00,14866.35,14891.6,14866.0,14867.0,15.0
2020-07-30 09:49:00,14882.2,14883.35,14882.2,14883.35,11.0
2020-07-30 09:50:00,14905.0,14950.0,14905.0,14950.0,56.0
2020-07-30 09:51:00,14959.0,14962.65,14890.65,14890.85,150.0
2020-07-30 09:52:00,14916.0,14918.1,14895.05,14896.85,27.0
2020-07-30 09:53:00,14900.05,14900.05,14900.05,14900.05,3.0
2020-07-30 09:54:00,14900.65,14919.45,14900.05,14900.45,15.0
2020-07-30 09:55:00,14918.4,14985.6,14918.4,14940.0,58.0
2020-07-30 09:56:00,14936.45,14962.8,14900.95,14900.95,59.0
2020-07-30 09:57:00,14920.0,14920.0,14882.25,14885.45,31.0
2020-07-30 09:58:00,14910.6,14910.6,14890.6,14890.65,12.0
2020-07-30 09:59:00,14908.8,14908.8,14890.3,14890.3,8.0
2020-07-30 10:00:00,14890.25,14900.0,14890.05,14890.05,15.0
2020-07-30 10:01:00,14888.65,14888.65,14885.45,14885.45,14.0
2020-07-30 10:02:00,14890.0,14899.05,14825.0,14825.3,258.0
2020-07-30 10:03:00,14830.0,14835.85,14826.0,14830.0,47.0
2020-07-30 10:04:00,14830.0,14870.0,14830.0,14850.0,253.0
2020-07-30 10:05:00,14850.0,14870.0,14830.05,14837.05,293.0
2020-07-30 10:06:00,14843.25,14845.65,14834.55,14834.55,24.0
2020-07-30 10:07:00,14845.6,14845.6,14832.15,14833.0,17.0
2020-07-30 10:08:00,14845.45,14845.45,14833.2,14834.95,7.0
2020-07-30 10:09:00,14835.0,14858.25,14835.0,14836.1,17.0
2020-07-30 10:10:00,14835.0,14836.05,14820.2,14825.95,123.0
2020-07-30 10:11:00,14836.05,14836.05,14825.05,14825.1,31.0
2020-07-30 10:12:00,14836.05,14836.05,14825.1,14825.1,18.0
2020-07-30 10:13:00,14825.1,14836.05,14825.1,14826.0,9.0
2020-07-30 10:14:00,14836.05,14836.05,14825.0,14830.0,16.0
2020-07-30 10:15:00,14836.0,14854.65,14824.0,14824.0,35.0
2020-07-30 10:16:00,14838.3,14838.3,14824.0,14824.15,11.0
2020-07-30 10:17:00,14838.05,14849.85,14824.2,14825.85,21.0
2020-07-30 10:18:00,14842.95,14848.95,14825.0,14825.0,32.0
2020-07-30 10:19:00,14828.0,14845.0,14828.0,14830.5,30.0
2020-07-30 10:20:00,14843.8,14849.95,14830.4,14830.4,14.0
2020-07-30 10:21:00,14830.35,14844.4,14825.0,14825.0,37.0
2020-07-30 10:22:00,14825.0,14834.95,14825.0,14825.05,11.0
2020-07-30 10:23:00,14835.0,14835.0,14825.0,14825.0,32.0
2020-07-30 10:24:00,14835.0,14835.0,14825.0,14825.0,7.0
2020-07-30 10:25:00,14825.0,14834.85,14824.0,14825.0,21.0
2020-07-30 10:26:00,14824.0,14835.0,14820.15,14820.15,39.0
2020-07-30 10:27:00,14820.15,14835.0,14820.15,14820.15,5.0
2020-07-30 10:28:00,14835.0,14849.25,14824.0,14825.7,23.0
2020-07-30 10:29:00,14826.25,14826.25,14825.7,14825.7,5.0
2020-07-30 10:30:00,14825.65,14825.65,14820.2,14825.65,12.0
2020-07-30 10:31:00,14840.8,14841.85,14825.0,14825.0,18.0
2020-07-30 10:32:00,14828.0,14828.0,14825.0,14825.0,12.0
2020-07-30 10:33:00,14838.95,14843.4,14825.0,14825.0,31.0
2020-07-30 10:34:00,14825.0,14825.0,14825.0,14825.0,5.0
2020-07-30 10:35:00,14826.1,14840.4,14826.1,14826.1,14.0
2020-07-30 10:36:00,14826.95,14826.95,14825.0,14825.0,2.0
2020-07-30 10:37:00,14840.4,14840.4,14826.05,14828.1,11.0
2020-07-30 10:38:00,14839.75,14844.5,14839.75,14844.5,18.0
2020-07-30 10:39:00,14840.0,14848.7,14839.75,14839.75,11.0
2020-07-30 10:40:00,14845.0,14848.5,14832.0,14832.0,16.0
2020-07-30 10:41:00,14842.6,14842.6,14840.0,14840.0,10.0
2020-07-30 10:42:00,14842.6,14842.6,14830.0,14831.1,29.0
2020-07-30 10:43:00,14830.0,14831.05,14829.95,14830.0,19.0
2020-07-30 10:44:00,14839.75,14842.7,14839.75,14839.75,18.0
2020-07-30 10:45:00,14849.9,14849.9,14829.0,14849.0,236.0
2020-07-30 10:46:00,14848.85,14848.85,14830.45,14830.45,17.0
2020-07-30 10:47:00,14830.0,14832.0,14830.0,14830.0,4.0
2020-07-30 10:48:00,14830.0,14830.2,14830.0,14830.2,4.0
2020-07-30 10:49:00,14831.95,14831.95,14823.1,14823.1,49.0
2020-07-30 10:50:00,14831.95,14837.1,14823.0,14823.0,40.0
2020-07-30 10:51:00,14823.0,14830.0,14823.0,14823.0,12.0
2020-07-30 10:52:00,14823.0,14830.0,14823.0,14830.0,26.0
2020-07-30 10:53:00,14839.15,14839.15,14823.0,14825.0,69.0
2020-07-30 10:54:00,14830.0,14830.0,14823.05,14823.1,90.0
2020-07-30 10:55:00,14830.0,14830.0,14823.1,14823.1,18.0
2020-07-30 10:56:00,14823.05,14830.0,14822.95,14830.0,18.0
2020-07-30 10:57:00,14833.95,14835.0,14820.45,14820.45,44.0
2020-07-30 10:58:00,14821.1,14837.35,14821.1,14826.4,35.0
2020-07-30 10:59:00,14828.05,14834.5,14828.0,14828.0,8.0
2020-07-30 11:00:00,14834.5,14834.5,14828.0,14828.0,16.0
2020-07-30 11:01:00,14828.0,14835.0,14827.95,14834.2,42.0
2020-07-30 11:02:00,14830.5,14835.0,14828.0,14828.0,101.0
2020-07-30 11:03:00,14828.0,14829.0,14823.0,14823.0,7.0
2020-07-30 11:04:00,14828.95,14828.95,14824.0,14824.25,11.0
2020-07-30 11:05:00,14823.95,14823.95,14823.95,14823.95,9.0
2020-07-30 11:06:00,14829.75,14840.0,14824.0,14840.0,34.0
2020-07-30 11:07:00,14830.0,14836.5,14829.7,14830.0,149.0
2020-07-30 11:08:00,14830.0,14834.6,14821.0,14826.85,65.0
2020-07-30 11:09:00,14832.05,14832.05,14821.0,14831.7,14.0
2020-07-30 11:10:00,14831.7,14831.95,14825.0,14825.95,37.0
2020-07-30 11:11:00,14831.45,14831.45,14821.95,14821.95,23.0
2020-07-30 11:12:00,14821.05,14825.0,14821.0,14821.0,17.0
2020-07-30 11:13:00,14830.0,14830.0,14821.0,14821.0,16.0
2020-07-30 11:14:00,14830.6,14830.6,14821.0,14825.0,8.0
2020-07-30 11:15:00,14825.0,14830.15,14825.0,14825.0,7.0
2020-07-30 11:16:00,14830.0,14835.2,14822.0,14830.0,186.0
2020-07-30 11:17:00,14830.4,14834.95,14822.1,14822.95,140.0
2020-07-30 11:18:00,14833.4,14840.0,14825.65,14828.3,39.0
2020-07-30 11:19:00,14839.8,14839.8,14825.4,14826.15,10.0
2020-07-30 11:20:00,14826.15,14833.55,14825.45,14826.0,55.0
2020-07-30 11:21:00,14826.0,14833.55,14825.25,14826.0,29.0
2020-07-30 11:22:00,14825.95,14834.45,14825.95,14826.0,43.0
2020-07-30 11:23:00,14835.55,14835.55,14826.0,14826.0,10.0
2020-07-30 11:24:00,14826.05,14840.0,14826.05,14830.0,28.0
2020-07-30 11:25:00,14830.0,14830.0,14826.0,14826.0,6.0
2020-07-30 11:26:00,14833.55,14833.55,14826.0,14826.0,31.0
2020-07-30 11:27:00,14826.0,14826.0,14826.0,14826.0,127.0
2020-07-30 11:28:00,14833.0,14833.0,14826.0,14826.15,16.0
2020-07-30 11:29:00,14826.1,14826.1,14826.0,14826.0,7.0
2020-07-30 11:30:00,14826.1,14839.95,14826.1,14829.95,9.0
2020-07-30 11:31:00,14826.0,14826.0,14826.0,14826.0,7.0
2020-07-30 11:32:00,14825.25,14835.7,14825.25,14825.25,69.0
2020-07-30 11:33:00,14825.0,14835.7,14825.0,14825.0,4.0
2020-07-30 11:34:00,14824.0,14824.95,14824.0,14824.0,19.0
2020-07-30 11:35:00,14824.95,14839.95,14824.95,14825.0,13.0
2020-07-30 11:36:00,14839.8,14847.75,14825.0,14825.55,96.0
2020-07-30 11:37:00,14843.8,14843.8,14825.05,14825.05,11.0
2020-07-30 11:38:00,14825.05,14833.25,14812.0,14812.0,255.0
2020-07-30 11:39:00,14828.3,14838.0,14815.05,14815.05,96.0
2020-07-30 11:40:00,14820.0,14820.0,14816.0,14816.0,56.0
2020-07-30 11:41:00,14820.0,14834.0,14820.0,14823.55,47.0
2020-07-30 11:42:00,14837.9,14839.95,14826.25,14826.25,25.0
2020-07-30 11:43:00,14820.0,14834.35,14820.0,14821.3,74.0
2020-07-30 11:44:00,14834.3,14834.3,14825.15,14825.15,10.0
2020-07-30 11:45:00,14834.25,14834.25,14825.0,14825.0,8.0
2020-07-30 11:46:00,14825.1,14839.0,14825.0,14839.0,46.0
2020-07-30 11:47:00,14845.85,14845.85,14830.75,14839.9,3.0
2020-07-30 11:48:00,14840.0,14841.75,14831.0,14835.1,42.0
2020-07-30 11:49:00,14835.05,14839.95,14835.05,14835.05,13.0
2020-07-30 11:50:00,14835.0,14839.95,14831.0,14835.0,18.0
2020-07-30 11:51:00,14848.75,14848.75,14835.0,14835.0,68.0
2020-07-30 11:52:00,14844.0,14845.0,14835.0,14835.0,33.0
2020-07-30 11:53:00,14836.05,14843.95,14835.0,14835.0,12.0
2020-07-30 11:54:00,14843.9,14843.9,14835.0,14835.05,7.0
2020-07-30 11:55:00,14844.0,14845.1,14835.0,14835.1,15.0
2020-07-30 11:56:00,14839.15,14840.0,14838.0,14840.0,60.0
2020-07-30 11:57:00,14848.0,14858.4,14848.0,14848.0,179.0
2020-07-30 11:58:00,14858.4,14858.75,14848.0,14858.7,12.0
2020-07-30 11:59:00,14858.75,14858.75,14849.0,14849.0,18.0
2020-07-30 12:00:00,14858.0,14858.0,14848.0,14848.0,16.0
2020-07-30 12:01:00,14860.15,14860.65,14848.05,14848.05,9.0
2020-07-30 12:02:00,14848.05,14862.55,14848.05,14848.05,9.0
2020-07-30 12:03:00,14861.95,14861.95,14848.0,14848.0,31.0
2020-07-30 12:04:00,14848.0,14858.35,14848.0,14858.35,51.0
2020-07-30 12:05:00,14847.0,14858.35,14847.0,14848.0,11.0
2020-07-30 12:06:00,14848.0,14867.65,14848.0,14849.8,74.0
2020-07-30 12:07:00,14864.8,14864.8,14848.05,14848.25,57.0
2020-07-30 12:08:00,14848.25,14862.9,14848.0,14858.6,52.0
2020-07-30 12:09:00,14850.0,14863.95,14848.0,14848.15,59.0
2020-07-30 12:10:00,14849.1,14861.4,14848.15,14848.2,55.0
2020-07-30 12:11:00,14860.55,14860.55,14848.2,14859.85,22.0
2020-07-30 12:12:00,14859.0,14859.0,14850.0,14850.0,9.0
2020-07-30 12:13:00,14848.0,14858.35,14848.0,14857.95,54.0
2020-07-30 12:14:00,14857.0,14868.65,14848.0,14865.55,69.0
2020-07-30 12:15:00,14868.65,14870.0,14861.05,14861.05,89.0
2020-07-30 12:16:00,14874.9,14875.0,14861.7,14862.75,14.0
2020-07-30 12:17:00,14874.9,14888.0,14874.9,14875.25,48.0
2020-07-30 12:18:00,14874.7,14880.0,14861.05,14864.0,43.0
2020-07-30 12:19:00,14873.0,14884.95,14868.0,14868.0,28.0
2020-07-30 12:20:00,14883.05,14883.05,14870.0,14870.0,12.0
2020-07-30 12:21:00,14882.95,14882.95,14870.1,14882.85,8.0
2020-07-30 12:22:00,14872.05,14890.25,14872.05,14873.05,182.0
2020-07-30 12:23:00,14884.95,14884.95,14875.05,14875.05,34.0
2020-07-30 12:24:00,14891.8,14891.8,14875.1,14880.05,18.0
2020-07-30 12:25:00,14891.0,14891.0,14880.0,14880.95,17.0
2020-07-30 12:26:00,14890.95,14890.95,14880.0,14881.0,7.0
2020-07-30 12:27:00,14880.95,14880.95,14876.85,14876.85,44.0
2020-07-30 12:28:00,14880.9,14880.9,14863.0,14875.55,51.0
2020-07-30 12:29:00,14875.55,14875.55,14861.05,14873.0,18.0
2020-07-30 12:30:00,14866.2,14889.95,14866.2,14873.05,27.0
2020-07-30 12:31:00,14888.7,14888.7,14871.75,14871.75,11.0
2020-07-30 12:32:00,14886.75,14893.65,14873.55,14893.6,51.0
2020-07-30 12:33:00,14882.05,14897.15,14872.8,14880.25,35.0
2020-07-30 12:34:00,14890.0,14898.65,14880.25,14881.05,20.0
2020-07-30 12:35:00,14885.0,14891.9,14882.0,14882.0,44.0
2020-07-30 12:36:00,14874.2,14881.3,14867.25,14867.25,9.0
2020-07-30 12:37:00,14876.3,14876.3,14861.1,14861.1,23.0
2020-07-30 12:38:00,14849.55,14865.75,14849.55,14865.45,25.0
2020-07-30 12:39:00,14851.8,14864.6,14849.05,14849.05,19.0
2020-07-30 12:40:00,14882.7,14888.15,14863.75,14863.75,54.0
2020-07-30 12:41:00,14876.0,14876.0,14859.0,14875.0,35.0
2020-07-30 12:42:00,14876.0,14889.95,14875.0,14875.05,20.0
2020-07-30 12:43:00,14889.95,14889.95,14875.55,14888.9,34.0
2020-07-30 12:44:00,14888.95,14888.95,14879.0,14879.0,11.0
2020-07-30 12:45:00,14879.0,14887.45,14879.0,14879.0,32.0
2020-07-30 12:46:00,14880.0,14887.4,14880.0,14880.0,13.0
2020-07-30 12:47:00,14887.45,14887.45,14879.0,14879.0,13.0
2020-07-30 12:48:00,14879.0,14887.45,14879.0,14879.0,21.0
2020-07-30 12:49:00,14887.45,14887.45,14872.55,14872.55,11.0
2020-07-30 12:50:00,14886.95,14886.95,14872.2,14886.0,23.0
2020-07-30 12:51:00,14887.0,14898.7,14887.0,14898.7,134.0
2020-07-30 12:52:00,14900.0,14900.7,14890.05,14900.7,38.0
2020-07-30 12:53:00,14900.7,14907.15,14900.7,14902.0,25.0
2020-07-30 12:54:00,14910.0,14910.0,14900.0,14900.0,107.0
2020-07-30 12:55:00,14905.05,14905.1,14895.45,14899.95,17.0
2020-07-30 12:56:00,14900.0,14904.95,14892.0,14892.05,18.0
2020-07-30 12:57:00,14914.65,14914.65,14892.0,14892.0,62.0
2020-07-30 12:58:00,14892.0,14896.1,14862.05,14862.05,32.0
2020-07-30 12:59:00,14862.05,14889.35,14835.0,14881.05,133.0
2020-07-30 13:00:00,14878.1,14878.1,14853.3,14854.4,13.0
2020-07-30 13:01:00,14868.25,14870.2,14838.0,14864.7,33.0
2020-07-30 13:02:00,14867.05,14885.0,14867.05,14873.2,18.0
2020-07-30 13:03:00,14890.05,14890.05,14874.0,14874.0,8.0
2020-07-30 13:04:00,14887.95,14887.95,14856.95,14863.2,8.0
2020-07-30 13:05:00,14860.05,14887.95,14857.05,14866.65,26.0
2020-07-30 13:06:00,14881.05,14881.05,14865.0,14865.0,15.0
2020-07-30 13:07:00,14873.85,14883.95,14865.0,14875.0,23.0
2020-07-30 13:08:00,14883.0,14884.0,14875.0,14875.0,10.0
2020-07-30 13:09:00,14884.0,14884.0,14875.0,14875.0,9.0
2020-07-30 13:10:00,14884.0,14887.15,14875.0,14875.0,6.0
2020-07-30 13:11:00,14884.95,14889.0,14875.0,14875.75,19.0
2020-07-30 13:12:00,14885.0,14885.0,14875.0,14884.0,3.0
2020-07-30 13:13:00,14876.0,14884.95,14875.0,14875.0,9.0
2020-07-30 13:14:00,14883.0,14884.95,14875.0,14875.0,18.0
2020-07-30 13:15:00,14885.0,14885.0,14880.9,14880.9,26.0
2020-07-30 13:16:00,14888.95,14889.0,14880.0,14880.0,15.0
2020-07-30 13:17:00,14889.0,14889.0,14875.45,14875.45,3.0
2020-07-30 13:18:00,14888.0,14888.95,14874.95,14887.95,16.0
2020-07-30 13:19:00,14889.0,14895.0,14873.55,14880.8,31.0
2020-07-30 13:20:00,14897.95,14904.0,14891.9,14891.9,159.0
2020-07-30 13:21:00,14894.45,14904.0,14888.05,14888.05,39.0
2020-07-30 13:22:00,14902.35,14902.35,14888.0,14888.6,24.0
2020-07-30 13:23:00,14897.1,14902.0,14888.05,14901.3,31.0
2020-07-30 13:24:00,14901.25,14902.0,14888.05,14902.0,23.0
2020-07-30 13:25:00,14900.0,14905.95,14900.0,14905.0,79.0
2020-07-30 13:26:00,14905.95,14905.95,14905.0,14905.0,13.0
2020-07-30 13:27:00,14905.0,14906.0,14905.0,14905.0,9.0
2020-07-30 13:28:00,14907.35,14907.35,14821.55,14907.0,223.0
2020-07-30 13:29:00,14907.1,14907.15,14893.95,14895.3,13.0
2020-07-30 13:30:00,14892.85,14907.15,14892.15,14907.15,9.0
2020-07-30 13:31:00,14907.15,14907.15,14876.45,14876.8,51.0
2020-07-30 13:32:00,14898.2,14900.15,14883.7,14900.0,20.0
2020-07-30 13:33:00,14899.0,14907.0,14880.0,14890.45,16.0
2020-07-30 13:34:00,14904.05,14904.05,14884.0,14897.55,14.0
2020-07-30 13:35:00,14897.55,14900.55,14878.75,14878.75,13.0
2020-07-30 13:36:00,14899.95,14900.05,14882.55,14900.05,28.0
2020-07-30 13:37:00,14901.2,14905.0,14901.2,14901.2,12.0
2020-07-30 13:38:00,14907.0,14907.0,14901.2,14901.2,16.0
2020-07-30 13:39:00,14907.0,14907.0,14901.2,14901.2,8.0
2020-07-30 13:40:00,14907.0,14908.65,14901.2,14908.65,18.0
2020-07-30 13:41:00,14908.0,14908.0,14901.2,14901.2,9.0
2020-07-30 13:42:00,14901.15,14908.0,14900.0,14900.0,7.0
2020-07-30 13:43:00,14907.0,14907.15,14885.65,14886.5,13.0
2020-07-30 13:44:00,14907.0,14907.05,14887.3,14889.3,26.0
2020-07-30 13:45:00,14907.05,14907.35,14890.05,14891.05,10.0
2020-07-30 13:46:00,14906.9,14907.0,14893.0,14893.0,46.0
2020-07-30 13:47:00,14906.95,14906.95,14890.0,14893.0,235.0
2020-07-30 13:48:00,14893.0,14904.95,14893.0,14893.6,81.0
2020-07-30 13:49:00,14904.9,14904.9,14893.05,14893.05,13.0
2020-07-30 13:50:00,14904.85,14907.1,14893.05,14900.0,22.0
2020-07-30 13:51:00,14907.15,14907.15,14894.05,14900.0,19.0
2020-07-30 13:52:00,14907.45,14907.45,14893.05,14894.95,47.0
2020-07-30 13:53:00,14906.05,14906.05,14880.25,14880.5,87.0
2020-07-30 13:54:00,14882.0,14903.0,14882.0,14884.5,22.0
2020-07-30 13:55:00,14901.5,14901.5,14883.45,14883.45,13.0
2020-07-30 13:56:00,14900.3,14900.3,14883.55,14900.0,19.0
2020-07-30 13:57:00,14900.05,14902.1,14882.25,14886.25,9.0
2020-07-30 13:58:00,14903.85,14903.85,14884.2,14884.2,21.0
2020-07-30 13:59:00,14890.0,14907.0,14890.0,14900.05,48.0
2020-07-30 14:00:00,14907.95,14907.95,14891.05,14891.05,59.0
2020-07-30 14:01:00,14906.65,14906.65,14891.1,14891.35,8.0
2020-07-30 14:02:00,14900.0,14900.0,14890.0,14893.95,34.0
2020-07-30 14:03:00,14893.9,14893.9,14880.65,14893.8,4.0
2020-07-30 14:04:00,14893.8,14903.7,14881.4,14883.5,22.0
2020-07-30 14:05:00,14883.6,14900.0,14883.6,14883.6,5.0
2020-07-30 14:06:00,14883.6,14883.6,14880.6,14880.6,10.0
2020-07-30 14:07:00,14883.6,14899.95,14883.6,14883.6,10.0
2020-07-30 14:08:00,14898.05,14898.5,14883.65,14883.65,11.0
2020-07-30 14:09:00,14897.1,14897.1,14880.6,14880.6,6.0
2020-07-30 14:10:00,14891.95,14891.95,14880.0,14880.0,11.0
2020-07-30 14:11:00,14870.0,14879.95,14861.45,14861.45,28.0
2020-07-30 14:12:00,14860.0,14861.5,14821.55,14821.65,55.0
2020-07-30 14:13:00,14832.0,14832.0,14822.0,14822.1,28.0
2020-07-30 14:14:00,14822.05,14830.0,14821.5,14821.5,8.0
2020-07-30 14:15:00,14830.0,14839.65,14822.0,14822.0,13.0
2020-07-30 14:16:00,14822.0,14834.0,14822.0,14822.0,11.0
2020-07-30 14:17:00,14822.0,14840.05,14822.0,14827.45,33.0
2020-07-30 14:18:00,14821.4,14839.6,14821.4,14822.15,55.0
2020-07-30 14:19:00,14848.35,14848.35,14811.0,14822.0,80.0
2020-07-30 14:20:00,14843.7,14865.0,14812.8,14812.8,59.0
2020-07-30 14:21:00,14812.8,14864.0,14812.8,14841.5,36.0
2020-07-30 14:22:00,14841.5,14850.0,14828.8,14850.0,18.0
2020-07-30 14:23:00,14850.05,14864.0,14850.0,14864.0,43.0
2020-07-30 14:24:00,14850.55,14873.2,14850.0,14873.2,45.0
2020-07-30 14:25:00,14880.0,14903.0,14880.0,14900.0,133.0
2020-07-30 14:26:00,14903.0,14956.0,14900.0,14956.0,291.0
2020-07-30 14:27:00,14956.0,14968.8,14950.0,14950.0,110.0
2020-07-30 14:28:00,14950.0,14951.0,14950.0,14950.0,97.0
2020-07-30 14:29:00,14950.0,14957.1,14950.0,14950.0,96.0
2020-07-30 14:30:00,14950.0,14957.3,14950.0,14950.0,30.0
2020-07-30 14:31:00,14950.0,14956.25,14950.0,14950.0,142.0
2020-07-30 14:32:00,14954.95,14957.95,14950.0,14950.0,39.0
2020-07-30 14:33:00,14950.0,15006.45,14950.0,15000.0,378.0
2020-07-30 14:34:00,15000.0,15006.45,14963.75,14963.75,120.0
2020-07-30 14:35:00,14976.85,14987.7,14950.0,14952.25,57.0
2020-07-30 14:36:00,14952.2,15000.0,14952.2,15000.0,62.0
2020-07-30 14:37:00,14970.0,14998.05,14970.0,14989.0,41.0
2020-07-30 14:38:00,14972.05,14986.2,14970.0,14970.0,77.0
2020-07-30 14:39:00,14970.0,14978.85,14929.2,14929.2,69.0
2020-07-30 14:40:00,14929.3,14950.0,14915.55,14915.55,87.0
2020-07-30 14:41:00,14910.0,14947.75,14910.0,14912.1,39.0
2020-07-30 14:42:00,14912.1,14926.7,14910.15,14915.1,34.0
2020-07-30 14:43:38,14886.5,14886.5,14886.5,14886.5,0.0
